EX 1175 2145 1584 256 303 323 318 268 119 48 67 656 157 60 78 52 76 107 315 1896
1 2027 2709 268 152 937 60 14 11 13 11 23 100 513 332 169 86 205 207 422 1742
2 1582 1153 192 232 33 33 251 379 81 267 548 1697 211 375 140 90 62 122 1137 1414
3 681 3758 205 543 611 32 11 10 10 8 23 455 433 226 193 147 83 247 1121 1202
4 443 1717 2013 727 798 181 34 18 121 42 457 1412 123 138 223 71 80 210 629 563
5 1836 839 570 464 254 363 22 15 15 15 147 554 218 778 551 188 166 265 1179 1560
6 766 3455 699 576 339 426 299 46 28 32 396 358 41 292 294 73 51 147 1413 269
7 1238 1498 1188 346 523 213 67 50 46 35 1170 266 25 14 14 18 22 48 2018 1200
8 480 2043 584 396 240 650 251 52 95 132 110 754 71 579 369 205 153 546 1207 1083
9 1057 3562 981 366 23 10 12 11 14 10 86 1087 128 108 96 89 34 56 1106 1165
10 636 911 316 1088 164 230 330 640 713 186 325 1612 207 365 757 243 52 70 395 760
11 385 388 645 1354 294 1228 265 71 37 40 162 1852 397 366 309 218 180 564 835 409
12 875 1753 1036 763 73 325 172 49 39 57 256 799 384 446 259 224 138 258 1458 636
13 1291 2235 470 37 13 10 11 6 10 8 579 327 21 20 112 111 121 241 2121 2253
14 558 581 660 563 281 425 850 656 115 151 802 2576 117 149 167 105 73 124 490 556
15 1028 1215 326 389 1220 1668 118 46 46 63 490 815 117 170 323 102 73 127 986 680
16 193 1135 1663 997 577 157 22 12 12 13 89 1770 296 310 359 375 166 248 1173 434
17 1561 786 499 126 95 379 84 49 53 46 817 1542 487 407 349 237 223 323 553 1386
18 1382 1900 1019 134 27 28 369 891 243 52 154 1075 127 289 325 263 217 192 561 752
19 917 2419 249 90 8 11 16 37 122 62 140 791 423 706 507 403 323 460 737 1578
20 1058 2403 1314 275 372 1059 556 156 115 50 318 503 70 54 277 80 29 86 535 691
21 738 3019 462 333 163 138 66 47 49 70 161 1093 176 111 503 297 121 231 1365 857
